7
36
38
40
41
42
70
79
95
96
102
113
116
199
200
219
222
254
283
287
320
326
333
363
364
376
379
393
399
402
418
420
425
426
433
434
439
440
447
460
463
469
478
479
496
506
539
552
553
558
704
707
715
716
717
736
765
766
771
775
799
806
812
817
829
848
864
874
879
882
927
944
956
964
978
979
987
1007
1036
1041
1053
1073
1134
1160
1161
1184
1203
1205
1207
1244
1245
1254
1255
1262
1263
1265
1266
1267
1268
1281
1348
1353
1446
1451
1471
1473
1481
1502
1511
1526
1529
1531
1553
1582
1598
1600
1606
1618
1645
1659
1662
1682
1683
1691
1699
1732
1736
1741
1742
1743
1744
1745
1746
1764
1780
1830
1837
1844
1848
1849
1933
1955
1956
1974
2008
2013
2023
2061
2069
2080
2096
2102
2103
2188
2199
2241
2267
2273
2277
2284
2310
2327
2342
2351
2353
2373
2382
2392
2464
2487
2520
2530
2532
2535
2539
2546
2567
2573
2574
2600
2601
2603
2608
2631
2643
2649
2652
2661
2673
2683
2684
2685
2687
2693
2696
2700
